{
 "cells": [
  {
   "cell_type": "markdown",
   "metadata": {},
   "source": [
    "# Facial Keypoint Detection\n",
    "\n",
    "Welcome back for exercise 9! As we told you, the exercises of this lecture can be subdivided into mainly two parts. The first part in which we re-invented the wheel and implemented the most important methods on our own and the second part where we start using existing libraries (that already have implemented all the methods) and start playing around with more complex network architectures. \n",
    "\n",
    "We entered stage two already before Christmas, but with the introduction of convolution neural networks this week, we are given a very powerful tool that we want to explore in this exercises. So let us start with this week's exercise, where we ask you to build a convolution neural network to perform facial keypoint detection. \n",
    "\n",
    "Before we start, let's take a look at some example images and corresponding facial keypoints:\n",
    "\n",
    "<img src='images/key_pts_example.png' width=70% height=70%/>\n",
    "\n",
    "The facial keypoints (also called facial landmarks) are the small magenta dots shown on each of the faces in the image above. These keypoints mark important areas of the face: the eyes, corners of the mouth, the nose, etc. and are relevant for a variety of computer vision tasks, such as face filters, emotion recognition, pose recognition, and more. "
   ]
  },
  {
   "cell_type": "markdown",
   "metadata": {},
   "source": [
    "# 1. Preparation\n",
    "\n",
    "## Imports"
   ]
  },
  {
   "cell_type": "code",
   "execution_count": 66,
   "metadata": {},
   "outputs": [
    {
     "name": "stdout",
     "output_type": "stream",
     "text": [
      "The autoreload extension is already loaded. To reload it, use:\n",
      "  %reload_ext autoreload\n"
     ]
    }
   ],
   "source": [
    "import os\n",
    "import matplotlib.pyplot as plt\n",
    "import torch\n",
    "from torch.utils.data import DataLoader\n",
    "from torchvision import transforms\n",
    "\n",
    "from exercise_code.data.facial_keypoints_dataset import FacialKeypointsDataset\n",
    "from exercise_code.networks.keypoint_nn import (\n",
    "    DummyKeypointModel,\n",
    "    KeypointModel\n",
    ")\n",
    "from exercise_code.util import (\n",
    "    show_all_keypoints,\n",
    "    save_model,\n",
    ")\n",
    "from exercise_code.tests import test_keypoint_nn\n",
    "\n",
    "%matplotlib inline\n",
    "plt.rcParams['figure.figsize'] = (10.0, 8.0) # set default size of plots\n",
    "plt.rcParams['image.interpolation'] = 'nearest'\n",
    "plt.rcParams['image.cmap'] = 'gray'\n",
    "\n",
    "# for auto-reloading external modules\n",
    "# see http://stackoverflow.com/questions/1907993/autoreload-of-modules-in-ipython\n",
    "%load_ext autoreload\n",
    "%autoreload 2"
   ]
  },
  {
   "cell_type": "markdown",
   "metadata": {},
   "source": [
    "<div class=\"alert alert-warning\">\n",
    "    <h3>Note: Google Colab</h3>\n",
    "    <p>\n",
    "In case you don't have a GPU, you can run this notebook on Google Colab where you can access a GPU for free, but, of course, you can also run this notebook on your CPU.\n",
    "         </p>\n",
    "</div>"
   ]
  },
  {
   "cell_type": "code",
   "execution_count": 67,
   "metadata": {},
   "outputs": [
    {
     "name": "stdout",
     "output_type": "stream",
     "text": [
      "cuda\n"
     ]
    }
   ],
   "source": [
    "device = torch.device(\"cuda\" if torch.cuda.is_available() else \"cpu\")\n",
    "print(device)"
   ]
  },
  {
   "cell_type": "markdown",
   "metadata": {},
   "source": [
    "## Load and Visualize Data\n",
    "To load the data, we have already prepared a Pytorch Dataset class `FacialKeypointsDataset` for you. You can find it in `exercise_code/data/facial_keypoints_dataset.py`. Run the following cell to download the data and initialize your dataset:"
   ]
  },
  {
   "cell_type": "code",
   "execution_count": 236,
   "metadata": {},
   "outputs": [
    {
     "name": "stderr",
     "output_type": "stream",
     "text": [
      "[autoreload of exercise_code.data.facial_keypoints_dataset failed: Traceback (most recent call last):\n",
      "  File \"C:\\Users\\asus\\anaconda3\\envs\\dl\\lib\\site-packages\\IPython\\extensions\\autoreload.py\", line 245, in check\n",
      "    superreload(m, reload, self.old_objects)\n",
      "  File \"C:\\Users\\asus\\anaconda3\\envs\\dl\\lib\\site-packages\\IPython\\extensions\\autoreload.py\", line 410, in superreload\n",
      "    update_generic(old_obj, new_obj)\n",
      "  File \"C:\\Users\\asus\\anaconda3\\envs\\dl\\lib\\site-packages\\IPython\\extensions\\autoreload.py\", line 347, in update_generic\n",
      "    update(a, b)\n",
      "  File \"C:\\Users\\asus\\anaconda3\\envs\\dl\\lib\\site-packages\\IPython\\extensions\\autoreload.py\", line 302, in update_class\n",
      "    if update_generic(old_obj, new_obj): continue\n",
      "  File \"C:\\Users\\asus\\anaconda3\\envs\\dl\\lib\\site-packages\\IPython\\extensions\\autoreload.py\", line 347, in update_generic\n",
      "    update(a, b)\n",
      "  File \"C:\\Users\\asus\\anaconda3\\envs\\dl\\lib\\site-packages\\IPython\\extensions\\autoreload.py\", line 302, in update_class\n",
      "    if update_generic(old_obj, new_obj): continue\n",
      "  File \"C:\\Users\\asus\\anaconda3\\envs\\dl\\lib\\site-packages\\IPython\\extensions\\autoreload.py\", line 347, in update_generic\n",
      "    update(a, b)\n",
      "  File \"C:\\Users\\asus\\anaconda3\\envs\\dl\\lib\\site-packages\\IPython\\extensions\\autoreload.py\", line 302, in update_class\n",
      "    if update_generic(old_obj, new_obj): continue\n",
      "  File \"C:\\Users\\asus\\anaconda3\\envs\\dl\\lib\\site-packages\\IPython\\extensions\\autoreload.py\", line 347, in update_generic\n",
      "    update(a, b)\n",
      "  File \"C:\\Users\\asus\\anaconda3\\envs\\dl\\lib\\site-packages\\IPython\\extensions\\autoreload.py\", line 302, in update_class\n",
      "    if update_generic(old_obj, new_obj): continue\n",
      "RecursionError: maximum recursion depth exceeded\n",
      "]\n"
     ]
    },
    {
     "data": {
      "text/plain": [
       "tensor([0.1922])"
      ]
     },
     "execution_count": 236,
     "metadata": {},
     "output_type": "execute_result"
    }
   ],
   "source": [
    "torch.rand(1)\n"
   ]
  },
  {
   "cell_type": "code",
   "execution_count": 237,
   "metadata": {},
   "outputs": [],
   "source": [
    "import torch.nn.functional as F\n",
    "class RandomHorizontalFlip(torch.nn.Module):\n",
    "    def __init__(self, p=0.5):\n",
    "        super().__init__()\n",
    "        self.p = p\n",
    "\n",
    "    def forward(self, data):\n",
    "        print(\"do transform\")\n",
    "        image, keypoints = data['image'], data['keypoints']\n",
    "        print(image)\n",
    "        print(keypoints)\n",
    "        if torch.rand(1) < self.p:\n",
    "            print(\"do hor flip\")\n",
    "            image = torch.flip(image, [2])\n",
    "            keypoints[:,0] *= -1\n",
    "\n",
    "        print(image)\n",
    "        print(keypoints)\n",
    "        return {'image': image, 'keypoints': keypoints}\n",
    "\n",
    "    def __repr__(self):\n",
    "        return self.__class__.__name__ + '(p={})'.format(self.p)\n",
    "    \n",
    "class RandomVerticalFlip(torch.nn.Module):\n",
    "    def __init__(self, p=0.5):\n",
    "        super().__init__()\n",
    "        self.p = p\n",
    "\n",
    "    def forward(self, data):\n",
    "        print(\"do transform\")\n",
    "        image, keypoints = data['image'], data['keypoints']\n",
    "        print(image)\n",
    "        print(keypoints)\n",
    "        if torch.rand(1) < self.p:\n",
    "            print(\"do ver flip\")\n",
    "            image = torch.flip(image, [1])\n",
    "            keypoints[:,1] *= -1\n",
    "        \n",
    "        print(image)\n",
    "        print(keypoints)\n",
    "        return {'image': image, 'keypoints': keypoints}\n",
    "\n",
    "    def __repr__(self):\n",
    "        return self.__class__.__name__ + '(p={})'.format(self.p)"
   ]
  },
  {
   "cell_type": "code",
   "execution_count": 238,
   "metadata": {},
   "outputs": [],
   "source": [
    "transform_train = transforms.Compose([\n",
    "    RandomHorizontalFlip(),\n",
    "    #RandomVerticalFlip()\n",
    "])"
   ]
  },
  {
   "cell_type": "code",
   "execution_count": 239,
   "metadata": {},
   "outputs": [
    {
     "name": "stdout",
     "output_type": "stream",
     "text": [
      "Number of training samples: 1546\n",
      "Number of validation samples: 298\n"
     ]
    }
   ],
   "source": [
    "download_url = 'https://vision.in.tum.de/webshare/g/i2dl/facial_keypoints.zip'\n",
    "i2dl_exercises_path = os.path.dirname(os.path.abspath(os.getcwd()))\n",
    "data_root = os.path.join(i2dl_exercises_path, \"datasets\", \"facial_keypoints\")\n",
    "\n",
    "# Load the training data\n",
    "train_dataset = FacialKeypointsDataset(\n",
    "    train=True,\n",
    "    transform=transform_train,\n",
    "    root=data_root,\n",
    "    download_url=download_url\n",
    ")\n",
    "val_dataset = FacialKeypointsDataset(\n",
    "    train=False,\n",
    "    #transform=transform_eval,\n",
    "    root=data_root,\n",
    ")\n",
    "print(\"Number of training samples:\", len(train_dataset))\n",
    "print(\"Number of validation samples:\", len(val_dataset))"
   ]
  },
  {
   "cell_type": "markdown",
   "metadata": {},
   "source": [
    "Each sample in our dataset is a dict `{\"image\": image, \"keypoints\": keypoints}`, where\n",
    " * `image` is a [0-1]-normalized gray-scale image of size 96x96, represented by a torch tensor of shape (CxHxW) with C=1, H=96, W=96\n",
    "    <img style=\"float: right;\" src='images/key_pts_expl.png' width=50% height=50%/>\n",
    " * `keypoints` is the list of K facial keypoints, stored in a torch tensor of shape (Kx2). We have K=15 keypoints that stand for:\n",
    "   * keypoints[0]: Center of the left eye\n",
    "   * keypoints[1]: Center of the right eye\n",
    "   * keypoints[2]: Left eye inner corner\n",
    "   * keypoints[3]: Left eye outer corner\n",
    "   * keypoints[4]: Right eye inner corner\n",
    "   * keypoints[5]: Right eye outer corner\n",
    "   * keypoints[6]: Left eyebrow inner end\n",
    "   * keypoints[7]: Left eyebrow outer end\n",
    "   * keypoints[8]: Right eyebrow inner end\n",
    "   * keypoints[9]: Right eyebrow outer end\n",
    "   * keypoints[10]: Nose tip\n",
    "   * keypoints[11]: Mouth left corner\n",
    "   * keypoints[12]: Mouth right corner\n",
    "   * keypoints[13]: Mouth center top lip\n",
    "   * keypoints[14]: Mouth center bottom lip\n",
    "   \n",
    "Each individual facial keypoint is represented by two coordinates (x,y) that specify the horizontal and vertical location of the keypoint respectively. All keypoint values are normalized to [-1,1], such that:\n",
    "   * (x=-1,y=-1) corresponds to the top left corner, \n",
    "   * (x=-1,y=1) to the bottom left corner,\n",
    "   * (x=1,y=-1) to the top right corner,\n",
    "   * (x=1,y=1) to the bottom right corner,\n",
    "   * and (x=0,y=0) to the center of the image.\n",
    "   \n",
    "      \n",
    "The data downloaded is already preprocessed and hence there is no need to apply transformations in order to prepare the data. Of course, feel free to apply trainings transformation to improve your performance such as flipping the trainings images, but don't forget that these transformations (data augmentation) are only applied to your trainings set. Your validation and test set remain untouched. Also, when applying transformations such as flipping, make sure the predicted coordinates of your keypoints will change accordingly.\n",
    "\n",
    "Let's have a look at the first training sample to get a better feeling for the dataset:"
   ]
  },
  {
   "cell_type": "code",
   "execution_count": 240,
   "metadata": {
    "scrolled": true
   },
   "outputs": [
    {
     "name": "stdout",
     "output_type": "stream",
     "text": [
      "transformmmmmmmmmmmm\n",
      "do transform\n",
      "tensor([[[0.3804, 0.2039, 0.2275,  ..., 0.9922, 0.9961, 0.9961],\n",
      "         [0.3333, 0.2157, 0.2588,  ..., 0.9922, 0.9961, 0.9961],\n",
      "         [0.2941, 0.2588, 0.2902,  ..., 0.9922, 0.9961, 0.9961],\n",
      "         ...,\n",
      "         [0.1294, 0.1255, 0.1255,  ..., 0.9255, 1.0000, 1.0000],\n",
      "         [0.1294, 0.1255, 0.1216,  ..., 0.9490, 0.9843, 0.9804],\n",
      "         [0.1216, 0.1176, 0.1216,  ..., 0.9255, 1.0000, 0.9922]]])\n",
      "tensor([[ 0.4685, -0.2319],\n",
      "        [-0.4253, -0.1953],\n",
      "        [ 0.2908, -0.2214],\n",
      "        [ 0.5992, -0.2214],\n",
      "        [-0.2685, -0.2109],\n",
      "        [-0.5873, -0.1900],\n",
      "        [ 0.1967, -0.3827],\n",
      "        [ 0.7656, -0.4295],\n",
      "        [-0.2035, -0.3758],\n",
      "        [-0.7389, -0.3573],\n",
      "        [ 0.0086,  0.2333],\n",
      "        [ 0.4163,  0.6620],\n",
      "        [-0.3521,  0.6985],\n",
      "        [ 0.0138,  0.6045],\n",
      "        [ 0.0190,  0.9076]])\n",
      "tensor([[[0.3804, 0.2039, 0.2275,  ..., 0.9922, 0.9961, 0.9961],\n",
      "         [0.3333, 0.2157, 0.2588,  ..., 0.9922, 0.9961, 0.9961],\n",
      "         [0.2941, 0.2588, 0.2902,  ..., 0.9922, 0.9961, 0.9961],\n",
      "         ...,\n",
      "         [0.1294, 0.1255, 0.1255,  ..., 0.9255, 1.0000, 1.0000],\n",
      "         [0.1294, 0.1255, 0.1216,  ..., 0.9490, 0.9843, 0.9804],\n",
      "         [0.1216, 0.1176, 0.1216,  ..., 0.9255, 1.0000, 0.9922]]])\n",
      "tensor([[ 0.4685, -0.2319],\n",
      "        [-0.4253, -0.1953],\n",
      "        [ 0.2908, -0.2214],\n",
      "        [ 0.5992, -0.2214],\n",
      "        [-0.2685, -0.2109],\n",
      "        [-0.5873, -0.1900],\n",
      "        [ 0.1967, -0.3827],\n",
      "        [ 0.7656, -0.4295],\n",
      "        [-0.2035, -0.3758],\n",
      "        [-0.7389, -0.3573],\n",
      "        [ 0.0086,  0.2333],\n",
      "        [ 0.4163,  0.6620],\n",
      "        [-0.3521,  0.6985],\n",
      "        [ 0.0138,  0.6045],\n",
      "        [ 0.0190,  0.9076]])\n",
      "transformmmmmmmmmmmm\n",
      "do transform\n",
      "tensor([[[0.3804, 0.2039, 0.2275,  ..., 0.9922, 0.9961, 0.9961],\n",
      "         [0.3333, 0.2157, 0.2588,  ..., 0.9922, 0.9961, 0.9961],\n",
      "         [0.2941, 0.2588, 0.2902,  ..., 0.9922, 0.9961, 0.9961],\n",
      "         ...,\n",
      "         [0.1294, 0.1255, 0.1255,  ..., 0.9255, 1.0000, 1.0000],\n",
      "         [0.1294, 0.1255, 0.1216,  ..., 0.9490, 0.9843, 0.9804],\n",
      "         [0.1216, 0.1176, 0.1216,  ..., 0.9255, 1.0000, 0.9922]]])\n",
      "tensor([[ 0.4685, -0.2319],\n",
      "        [-0.4253, -0.1953],\n",
      "        [ 0.2908, -0.2214],\n",
      "        [ 0.5992, -0.2214],\n",
      "        [-0.2685, -0.2109],\n",
      "        [-0.5873, -0.1900],\n",
      "        [ 0.1967, -0.3827],\n",
      "        [ 0.7656, -0.4295],\n",
      "        [-0.2035, -0.3758],\n",
      "        [-0.7389, -0.3573],\n",
      "        [ 0.0086,  0.2333],\n",
      "        [ 0.4163,  0.6620],\n",
      "        [-0.3521,  0.6985],\n",
      "        [ 0.0138,  0.6045],\n",
      "        [ 0.0190,  0.9076]])\n",
      "tensor([[[0.3804, 0.2039, 0.2275,  ..., 0.9922, 0.9961, 0.9961],\n",
      "         [0.3333, 0.2157, 0.2588,  ..., 0.9922, 0.9961, 0.9961],\n",
      "         [0.2941, 0.2588, 0.2902,  ..., 0.9922, 0.9961, 0.9961],\n",
      "         ...,\n",
      "         [0.1294, 0.1255, 0.1255,  ..., 0.9255, 1.0000, 1.0000],\n",
      "         [0.1294, 0.1255, 0.1216,  ..., 0.9490, 0.9843, 0.9804],\n",
      "         [0.1216, 0.1176, 0.1216,  ..., 0.9255, 1.0000, 0.9922]]])\n",
      "tensor([[ 0.4685, -0.2319],\n",
      "        [-0.4253, -0.1953],\n",
      "        [ 0.2908, -0.2214],\n",
      "        [ 0.5992, -0.2214],\n",
      "        [-0.2685, -0.2109],\n",
      "        [-0.5873, -0.1900],\n",
      "        [ 0.1967, -0.3827],\n",
      "        [ 0.7656, -0.4295],\n",
      "        [-0.2035, -0.3758],\n",
      "        [-0.7389, -0.3573],\n",
      "        [ 0.0086,  0.2333],\n",
      "        [ 0.4163,  0.6620],\n",
      "        [-0.3521,  0.6985],\n",
      "        [ 0.0138,  0.6045],\n",
      "        [ 0.0190,  0.9076]])\n",
      "Shape of the image: torch.Size([1, 96, 96])\n",
      "Smallest value in the image: tensor(0.0118)\n",
      "Largest value in the image: tensor(1.)\n",
      "tensor([[[0.3804, 0.2039, 0.2275,  ..., 0.9922, 0.9961, 0.9961],\n",
      "         [0.3333, 0.2157, 0.2588,  ..., 0.9922, 0.9961, 0.9961],\n",
      "         [0.2941, 0.2588, 0.2902,  ..., 0.9922, 0.9961, 0.9961],\n",
      "         ...,\n",
      "         [0.1294, 0.1255, 0.1255,  ..., 0.9255, 1.0000, 1.0000],\n",
      "         [0.1294, 0.1255, 0.1216,  ..., 0.9490, 0.9843, 0.9804],\n",
      "         [0.1216, 0.1176, 0.1216,  ..., 0.9255, 1.0000, 0.9922]]])\n"
     ]
    }
   ],
   "source": [
    "image, keypoints = train_dataset[0][\"image\"], train_dataset[0][\"keypoints\"]\n",
    "print(\"Shape of the image:\", image.size())\n",
    "print(\"Smallest value in the image:\", torch.min(image))\n",
    "print(\"Largest value in the image:\", torch.max(image))\n",
    "print(image)"
   ]
  },
  {
   "cell_type": "code",
   "execution_count": 241,
   "metadata": {},
   "outputs": [
    {
     "name": "stdout",
     "output_type": "stream",
     "text": [
      "transformmmmmmmmmmmm\n",
      "do transform\n",
      "tensor([[[0.3804, 0.2039, 0.2275,  ..., 0.9922, 0.9961, 0.9961],\n",
      "         [0.3333, 0.2157, 0.2588,  ..., 0.9922, 0.9961, 0.9961],\n",
      "         [0.2941, 0.2588, 0.2902,  ..., 0.9922, 0.9961, 0.9961],\n",
      "         ...,\n",
      "         [0.1294, 0.1255, 0.1255,  ..., 0.9255, 1.0000, 1.0000],\n",
      "         [0.1294, 0.1255, 0.1216,  ..., 0.9490, 0.9843, 0.9804],\n",
      "         [0.1216, 0.1176, 0.1216,  ..., 0.9255, 1.0000, 0.9922]]])\n",
      "tensor([[ 0.4685, -0.2319],\n",
      "        [-0.4253, -0.1953],\n",
      "        [ 0.2908, -0.2214],\n",
      "        [ 0.5992, -0.2214],\n",
      "        [-0.2685, -0.2109],\n",
      "        [-0.5873, -0.1900],\n",
      "        [ 0.1967, -0.3827],\n",
      "        [ 0.7656, -0.4295],\n",
      "        [-0.2035, -0.3758],\n",
      "        [-0.7389, -0.3573],\n",
      "        [ 0.0086,  0.2333],\n",
      "        [ 0.4163,  0.6620],\n",
      "        [-0.3521,  0.6985],\n",
      "        [ 0.0138,  0.6045],\n",
      "        [ 0.0190,  0.9076]])\n",
      "do hor flip\n",
      "tensor([[[0.9961, 0.9961, 0.9922,  ..., 0.2275, 0.2039, 0.3804],\n",
      "         [0.9961, 0.9961, 0.9922,  ..., 0.2588, 0.2157, 0.3333],\n",
      "         [0.9961, 0.9961, 0.9922,  ..., 0.2902, 0.2588, 0.2941],\n",
      "         ...,\n",
      "         [1.0000, 1.0000, 0.9255,  ..., 0.1255, 0.1255, 0.1294],\n",
      "         [0.9804, 0.9843, 0.9490,  ..., 0.1216, 0.1255, 0.1294],\n",
      "         [0.9922, 1.0000, 0.9255,  ..., 0.1216, 0.1176, 0.1216]]])\n",
      "tensor([[-0.4685, -0.2319],\n",
      "        [ 0.4253, -0.1953],\n",
      "        [-0.2908, -0.2214],\n",
      "        [-0.5992, -0.2214],\n",
      "        [ 0.2685, -0.2109],\n",
      "        [ 0.5873, -0.1900],\n",
      "        [-0.1967, -0.3827],\n",
      "        [-0.7656, -0.4295],\n",
      "        [ 0.2035, -0.3758],\n",
      "        [ 0.7389, -0.3573],\n",
      "        [-0.0086,  0.2333],\n",
      "        [-0.4163,  0.6620],\n",
      "        [ 0.3521,  0.6985],\n",
      "        [-0.0138,  0.6045],\n",
      "        [-0.0190,  0.9076]])\n",
      "tensor([[-0.4685, -0.2319],\n",
      "        [ 0.4253, -0.1953],\n",
      "        [-0.2908, -0.2214],\n",
      "        [-0.5992, -0.2214],\n",
      "        [ 0.2685, -0.2109],\n",
      "        [ 0.5873, -0.1900],\n",
      "        [-0.1967, -0.3827],\n",
      "        [-0.7656, -0.4295],\n",
      "        [ 0.2035, -0.3758],\n",
      "        [ 0.7389, -0.3573],\n",
      "        [-0.0086,  0.2333],\n",
      "        [-0.4163,  0.6620],\n",
      "        [ 0.3521,  0.6985],\n",
      "        [-0.0138,  0.6045],\n",
      "        [-0.0190,  0.9076]])\n"
     ]
    }
   ],
   "source": [
    "keypoints = train_dataset[0][\"keypoints\"]\n",
    "print(keypoints)"
   ]
  },
  {
   "cell_type": "markdown",
   "metadata": {},
   "source": [
    "In `exercise_code/util/vis_utils.py` we also provide you with a function `show_all_keypoints()` that takes in an image and keypoints and displays where the predicted keypoints are in the image. Let's use it to plot the first few images of our training set:"
   ]
  },
  {
   "cell_type": "code",
   "execution_count": 242,
   "metadata": {},
   "outputs": [
    {
     "name": "stdout",
     "output_type": "stream",
     "text": [
      "transformmmmmmmmmmmm\n",
      "do transform\n",
      "tensor([[[0.3804, 0.2039, 0.2275,  ..., 0.9922, 0.9961, 0.9961],\n",
      "         [0.3333, 0.2157, 0.2588,  ..., 0.9922, 0.9961, 0.9961],\n",
      "         [0.2941, 0.2588, 0.2902,  ..., 0.9922, 0.9961, 0.9961],\n",
      "         ...,\n",
      "         [0.1294, 0.1255, 0.1255,  ..., 0.9255, 1.0000, 1.0000],\n",
      "         [0.1294, 0.1255, 0.1216,  ..., 0.9490, 0.9843, 0.9804],\n",
      "         [0.1216, 0.1176, 0.1216,  ..., 0.9255, 1.0000, 0.9922]]])\n",
      "tensor([[ 0.4685, -0.2319],\n",
      "        [-0.4253, -0.1953],\n",
      "        [ 0.2908, -0.2214],\n",
      "        [ 0.5992, -0.2214],\n",
      "        [-0.2685, -0.2109],\n",
      "        [-0.5873, -0.1900],\n",
      "        [ 0.1967, -0.3827],\n",
      "        [ 0.7656, -0.4295],\n",
      "        [-0.2035, -0.3758],\n",
      "        [-0.7389, -0.3573],\n",
      "        [ 0.0086,  0.2333],\n",
      "        [ 0.4163,  0.6620],\n",
      "        [-0.3521,  0.6985],\n",
      "        [ 0.0138,  0.6045],\n",
      "        [ 0.0190,  0.9076]])\n",
      "tensor([[[0.3804, 0.2039, 0.2275,  ..., 0.9922, 0.9961, 0.9961],\n",
      "         [0.3333, 0.2157, 0.2588,  ..., 0.9922, 0.9961, 0.9961],\n",
      "         [0.2941, 0.2588, 0.2902,  ..., 0.9922, 0.9961, 0.9961],\n",
      "         ...,\n",
      "         [0.1294, 0.1255, 0.1255,  ..., 0.9255, 1.0000, 1.0000],\n",
      "         [0.1294, 0.1255, 0.1216,  ..., 0.9490, 0.9843, 0.9804],\n",
      "         [0.1216, 0.1176, 0.1216,  ..., 0.9255, 1.0000, 0.9922]]])\n",
      "tensor([[ 0.4685, -0.2319],\n",
      "        [-0.4253, -0.1953],\n",
      "        [ 0.2908, -0.2214],\n",
      "        [ 0.5992, -0.2214],\n",
      "        [-0.2685, -0.2109],\n",
      "        [-0.5873, -0.1900],\n",
      "        [ 0.1967, -0.3827],\n",
      "        [ 0.7656, -0.4295],\n",
      "        [-0.2035, -0.3758],\n",
      "        [-0.7389, -0.3573],\n",
      "        [ 0.0086,  0.2333],\n",
      "        [ 0.4163,  0.6620],\n",
      "        [-0.3521,  0.6985],\n",
      "        [ 0.0138,  0.6045],\n",
      "        [ 0.0190,  0.9076]])\n",
      "transformmmmmmmmmmmm\n",
      "do transform\n",
      "tensor([[[0.3804, 0.2039, 0.2275,  ..., 0.9922, 0.9961, 0.9961],\n",
      "         [0.3333, 0.2157, 0.2588,  ..., 0.9922, 0.9961, 0.9961],\n",
      "         [0.2941, 0.2588, 0.2902,  ..., 0.9922, 0.9961, 0.9961],\n",
      "         ...,\n",
      "         [0.1294, 0.1255, 0.1255,  ..., 0.9255, 1.0000, 1.0000],\n",
      "         [0.1294, 0.1255, 0.1216,  ..., 0.9490, 0.9843, 0.9804],\n",
      "         [0.1216, 0.1176, 0.1216,  ..., 0.9255, 1.0000, 0.9922]]])\n",
      "tensor([[ 0.4685, -0.2319],\n",
      "        [-0.4253, -0.1953],\n",
      "        [ 0.2908, -0.2214],\n",
      "        [ 0.5992, -0.2214],\n",
      "        [-0.2685, -0.2109],\n",
      "        [-0.5873, -0.1900],\n",
      "        [ 0.1967, -0.3827],\n",
      "        [ 0.7656, -0.4295],\n",
      "        [-0.2035, -0.3758],\n",
      "        [-0.7389, -0.3573],\n",
      "        [ 0.0086,  0.2333],\n",
      "        [ 0.4163,  0.6620],\n",
      "        [-0.3521,  0.6985],\n",
      "        [ 0.0138,  0.6045],\n",
      "        [ 0.0190,  0.9076]])\n",
      "do hor flip\n",
      "tensor([[[0.9961, 0.9961, 0.9922,  ..., 0.2275, 0.2039, 0.3804],\n",
      "         [0.9961, 0.9961, 0.9922,  ..., 0.2588, 0.2157, 0.3333],\n",
      "         [0.9961, 0.9961, 0.9922,  ..., 0.2902, 0.2588, 0.2941],\n",
      "         ...,\n",
      "         [1.0000, 1.0000, 0.9255,  ..., 0.1255, 0.1255, 0.1294],\n",
      "         [0.9804, 0.9843, 0.9490,  ..., 0.1216, 0.1255, 0.1294],\n",
      "         [0.9922, 1.0000, 0.9255,  ..., 0.1216, 0.1176, 0.1216]]])\n",
      "tensor([[-0.4685, -0.2319],\n",
      "        [ 0.4253, -0.1953],\n",
      "        [-0.2908, -0.2214],\n",
      "        [-0.5992, -0.2214],\n",
      "        [ 0.2685, -0.2109],\n",
      "        [ 0.5873, -0.1900],\n",
      "        [-0.1967, -0.3827],\n",
      "        [-0.7656, -0.4295],\n",
      "        [ 0.2035, -0.3758],\n",
      "        [ 0.7389, -0.3573],\n",
      "        [-0.0086,  0.2333],\n",
      "        [-0.4163,  0.6620],\n",
      "        [ 0.3521,  0.6985],\n",
      "        [-0.0138,  0.6045],\n",
      "        [-0.0190,  0.9076]])\n"
     ]
    },
    {
     "data": {
